speech/Andrew_Walton_-_21_-_Creationism_2.wav 88.058776 44100 3390.615146 6.191559 16576636.886370 7.232602 25923159226225.679688 6.100786 425.201741 5.443183
speech/Liminal_Spaces_-_Open_Session_-_Excerpt_B.wav 256.121769 44100 2171.239443 8.931528 16153556.045539 9.213743 42306586390008.570312 5.803039 460.524116 5.735948
speech/Liminal_Spaces_-_Open_Session_-_Excerpt_A.wav 308.580454 44100 2208.391873 8.861386 14892719.446871 9.314131 40300851529525.937500 6.182310 467.866346 5.855203
speech/Andrew_Walton_-_18_-_Do_You_Remember.wav 101.328980 44100 3003.703249 6.226423 15855579.263793 7.310103 17145718947981.552734 5.855467 427.564878 5.388395
speech/Chain__The_Gang_-_08_-_Chat_With_Terre_T.wav 702.040816 44100 2853.464821 6.876751 15361246.198609 8.335789 17728135368368.898438 5.985207 467.548125 5.939246
speech/Andrew_Walton_-_13_-_Falkirk.wav 53.054694 44100 3325.096465 6.124584 18413461.525775 6.848344 19321574878040.761719 5.652909 393.217163 5.121443
sonata/Paavali_Jumppanen_piano_-_13_-_MOZART_-_Piano_Sonata_No_12_in_F_Major_K_332.wav 1068.695510 44100 1837.772847 9.643735 12382214.588172 9.957050 3186639277278.937500 5.711589 448.311511 5.357496
sonata/Seymour_Lipkin_-_01_-_Schubert_Piano_Sonata_in_A_minor_D_845_Op_42.wav 1737.221224 44100 1920.107610 9.486785 13336101.027408 9.743988 3764841351512.508789 5.126622 436.475178 5.689618
sonata/Greg_Reinfeld_-_16_-_Turkish_Eternity_Mozarts_Piano_Sonata_No_11.wav 256.558503 44100 2079.574903 9.548245 12860027.178830 9.853433 28570048686446.113281 6.106123 502.565080 5.760652
sonata/James_Kibbie_-_BWV_529_Trio_Sonata_V_in_C_Major_-_1_Allegro.wav 304.979592 44100 1978.740112 9.142790 11945026.558737 9.422587 1097405239955.432861 5.974360 480.148850 5.945095
sonata/Nicola_Benedetti_violin_Katya_Apekisheva_piano_-_Sonata_for_violin_and_piano_No_2_in_A_Major_Op_100.wav 1228.016327 44100 2164.149499 8.586183 13068046.502770 9.652457 3353837167144.661133 5.891173 458.910770 5.606445
sonata/Corey_Cerovsek_violin_Paavali_Jumppanen_piano_-_05_-_BEETHOVEN_-_Violin_Sonata_No_2_in_A_Major_Op_12_No_2.wav 1064.646531 44100 2183.278656 9.093738 13082020.573844 9.868096 3520762245773.885742 5.406179 452.148659 5.889268
sonata/Daniel_Veesey_-_02_-_Sonata_No_32_in_C_Minor_Op_111_-_II_Arietta_Adagio_molto_semplice_e_cantabile.wav 1178.854059 44100 1901.442461 9.472434 13444070.073679 9.839479 5155125107623.332031 6.448050 455.679838 6.091302
sonata/Viviane_Hagner_-_01_-_Saint-Sans_Sonata_No_1_in_D_minor_Op_75.wav 1461.916735 44100 2186.695404 9.198024 12342116.959429 9.780618 2676250901091.182617 5.843992 449.641046 5.915295
sonata/Daniel_Veesey_-_Sonata_No_06_in_F_Major_Op_10_No_2_-_II_Allegretto.wav 242.821519 44100 1951.405519 8.836410 13818678.753698 9.429735 6524783790426.293945 5.390160 452.623087 4.987655
sonata/Brendan_Kinsella_-_Mozart_-_Piano_Sonata_in_B-flat_major_III_Allegretto_Grazioso.wav 397.546667 44100 1966.871931 9.491678 12542174.564440 9.850531 2161662019142.579346 5.434541 465.732710 5.567990
sonata/Dee_Yan-Key_-_05_-_Sonata_for_2_Flutes_in_E_minor.wav 330.463107 44100 2515.832951 8.801327 13539487.939417 9.428597 12880947265850.539062 4.458479 504.229937 6.009831
sonata/Dee_Yan-Key_-_03_-_Molto_moderato.wav 306.639433 44100 2159.858407 9.003448 10555288.260036 9.746278 16644379531829.666016 5.666703 502.770600 5.829966
sonata/Daniel_Veesey_-_02_-_Sonata_8_Pathetique_-_II_Adagio_cantabile.wav 380.544376 44100 1863.406181 9.175273 14130886.981891 9.739247 2296527026661.818848 5.372844 442.517025 5.492386
rock/Scott_Holmes_-_03_-_Aspire.wav 187.271837 44100 2309.752797 7.120871 15108917.164330 8.697539 60279289737498.539062 8.695912 501.862103 5.195649
rock/Zapa_-_06_-_Blind_Road.wav 178.755918 44100 3309.772882 5.302934 18277793.798560 7.305606 21735678864231.957031 6.695153 506.850481 6.017414
rock/King_Elizabeth_-_06_-_Fame.wav 286.197551 44100 5068.315133 5.325861 20311413.560853 7.860475 9643263073534.171875 8.454155 523.106459 5.992889
rock/XTaKeRuX_-_01_-_Rocking_Forward.wav 237.949388 44100 3850.490728 7.011184 17158588.333419 7.986757 68118367693847.085938 7.589189 509.676166 6.994095
rock/Pudge_-_06_-_Bus_Strike.wav 49.136327 44100 3568.847126 6.025531 16208131.573776 5.955928 26756382548302.398438 9.513250 494.150284 4.476697
rock/Ryan_Andersen_-_Faster_Faster_Faster.wav 49.397551 44100 3166.077081 6.154271 17373469.687757 7.446716 203444233455930.031250 7.237215 498.152399 4.476860
rock/Dave_Merson_Hess_-_15_-_Doting.wav 75.885714 44100 2227.946175 7.598132 17455683.976817 8.366478 3008382757675.553711 6.124902 454.486842 5.449324
rock/Red_Bellows_-_02_-_Phonetic.wav 287.660408 44100 2829.048481 5.979130 14804970.480933 8.439171 28337538330922.320312 8.049950 507.955844 6.257735
rock/Checkie_Brown_-_04_-_Hippie_Bulle_-_Stoned_Funghi_ID_213.wav 643.004082 44100 3548.083657 7.162058 19693896.536497 7.800230 21523802392888.082031 6.126458 507.234850 7.397426
rock/Die_Leere_im_Kern_Deiner_Hoffnung_-_08_-_Es_stirbt_in_mir.wav 521.534694 44100 2989.475898 6.058953 14088225.845871 8.943460 66274906593900.187500 7.716451 512.807480 7.428100
rock/Die_Leere_im_Kern_Deiner_Hoffnung_-_03_-_berwachung.wav 227.787755 44100 3847.454627 4.839217 13698827.075165 7.321943 73383732457450.812500 7.470807 499.960347 5.245593
jazz/Bart_Verbeke_-_10_-_en_al.wav 646.213333 44100 1934.475736 9.280941 14618856.406220 9.388854 2285659076920.204102 6.091640 442.061049 6.087017
jazz/Kosta_T_-_08_-__.wav 231.468753 44100 3070.725759 6.370674 13758302.124156 8.048472 35931635046404.414062 4.775638 476.314406 4.959127
jazz/Nicola_x_N_Dropkick_-_01_-_Is_Jazz_a_Gateway_Drug.wav 168.000000 44100 2775.765117 7.318506 17950601.597037 8.454007 10309404089711.615234 7.252097 496.357202 5.829587
jazz/Mittimus_and_Nix_Pickler_-_01_-_A_Remarkably_Consistent_Product.wav 164.466939 44100 2547.256139 8.280196 13211357.565225 9.263029 21100020468927.296875 6.051915 467.816718 4.981333
jazz/Stewart_Miller_Natalia_Kamia_and_other_invisible_entities_-_04_-_noiase_improv_anfd_piyuaneo_-_nr_kamghiyeu_afnd_asteqwasrt.wav 240.599388 44100 2745.777294 7.110078 16348859.978321 7.852521 889629247470.702271 7.062781 366.605792 5.414721
jazz/natalia_kamia_and_haruhiko_okabe_-_02_-_mastcutters_job.wav 357.415669 44100 2622.499982 7.286935 16783853.636338 8.896448 1570427939659.708984 6.540362 336.743568 4.674693
jazz/ctodo_do_-_11_-_no_obstante_sin_ms.wav 245.985147 44100 2423.407728 7.083770 12323096.937742 8.656705 21833780808341.945312 6.072705 447.862727 6.017874
jazz/Stewart_Miller_Natalia_Kamia_and_other_invisible_entities_-_07_-_semi-ballad_for_internet_double_duet.wav 132.853741 44100 1708.554984 9.527265 14095235.429523 9.573741 21477590289657.554688 5.769892 496.618531 7.071548
jazz/Fantastic_Swimmers_-_09_-_Final_talk.wav 299.165896 44100 2455.548083 8.372998 14186609.044886 9.276799 14514282476998.060547 5.876251 479.117821 5.367240
jazz/dadala_-_04_-_disputed_offerings.wav 253.725170 44100 2479.558594 6.740407 14869966.498737 8.843640 38534556532873.023438 6.873787 510.620721 6.376084
